%HEADING
ELASTIC.ANALYSIS.OF.A.DAM.UNDER.UNIFORM.LOAD

%TOTAL.TIME
20
%GRAVITY
0  -9.81

%INITIAL.STRESS
0 0 0 

%DAMP
1.0	3.9	1.1	0.05

%TOTAL.NODES
10

%NODES
10
1 0.25 0 0
2 0.5 0 0
3 0.25 0.2500000000010405 0
4 0.5 0.2499999999994109 0
5 0.25 0.5000000000020595 0
6 0.5 0.4999999999986921 0
7 0.25 0.7500000000003471 0
8 0.5 0.7499999999993406 0
9 0.25 1 0
10 0.5 1 0


%BC.VELOCITY
2
1	0	0	0
2	0	0	0


%MATERIAL
1

%MATERIAL.LINEAR
1
1	10	0.3 0.0025

%ELEMENTS
4

%ELEMENT.Q4
4
1	1	1	4	1	2	4	3
2	1	1	4	3   4   6	5
3	1	1	4	5	6	8	7
4	1	1	4	7	8	10	9

%TOTAL.PARTICLES
READ 16

%PARTICLES
16
1	0.3125	0.9375	0.0000
2	0.3125	0.8125	0.0000
3	0.4375	0.9375	0.0000
4	0.4375	0.8125	0.0000
5	0.3125	0.6875	0.0000
6	0.3125	0.5625	0.0000
7	0.4375	0.6875	0.0000
8	0.4375	0.5625	0.0000
9	0.3125	0.4375	0.0000
10	0.3125	0.3125	0.0000
11	0.4375	0.4375	0.0000
12	0.4375	0.3125	0.0000
13	0.3125	0.1875	0.0000
14	0.3125	0.0625	0.0000
15	0.4375	0.1875	0.0000
16	0.4375	0.0625	0.0000


%END